Al Co Cr Cu Fe Hf Mn Mo Nb Ni Ta Ti W Zr V Mg Re Os Rh Ir Pd Pt Ag Au Zn Cd Hg
Al -0.23 -0.13 -0.09 -0.23 -0.25 -0.13 -0.28 -0.33 -0.36 -0.25 -0.29 -0.16 -0.29 -0.24 0.02 -0.09 -0.21 -0.62 -0.51 -0.64 -0.69 -0.02 -0.20 0.01 0.12 0.17
Co -0.33 -0.06 0.12 -0.04 -0.11 0.04 -0.02 -0.07 -0.00 -0.08 -0.16 -0.02 -0.07 -0.15 0.16 0.07 0.10 0.05 0.02 0.04 -0.05 0.35 0.21 0.01 0.28 0.41
Cr -0.11 0.10 0.08 -0.10 0.09 -0.04 -0.08 -0.05 -0.10 -0.02 -0.01 -0.07 0.12 -0.07 0.26 -0.02 -0.11 -0.16 -0.26 -0.08 -0.28 0.32 0.10 -0.01 0.27 0.38
Cu -0.15 0.09 0.29 0.05 0.03 0.15 0.07 0.04 0.03 0.09 -0.01 0.14 0.00 0.05 0.01 0.23 0.28 0.05 0.09 -0.09 -0.10 0.11 0.00 -0.07 0.10 0.10
Fe -0.24 0.06 0.09 0.20 -0.00 -0.04 -0.05 -0.06 -0.09 -0.06 -0.13 -0.05 -0.03 -0.15 0.15 0.01 0.01 -0.06 -0.07 0.02 -0.21 0.24 0.07 -0.05 0.21 0.33
Hf -0.36 -0.20 0.17 -0.05 -0.02 0.11 -0.06 -0.02 -0.20 0.03 0.03 0.02 -0.00 0.08 0.08 -0.03 -0.23 -0.56 -0.58 -0.52 -0.76 0.03 -0.33 -0.09 0.02 0.01
Mn -0.22 0.03 -0.01 0.14 0.02 -0.01 0.01 0.03 0.01 0.01 -0.03 0.01 0.15 -0.10 0.30 0.04 0.00 -0.05 -0.11 -0.09 -0.20 0.28 0.05 0.01 0.28 0.35
Mo -0.21 0.11 0.11 0.27 0.14 -0.08 0.07 -0.14 -0.09 -0.14 -0.12 -0.09 -0.03 -0.15 0.08 -0.04 -0.15 -0.25 -0.33 -0.19 -0.39 0.20 -0.01 -0.07 0.14 0.27
Nb -0.26 -0.00 0.14 0.16 0.06 -0.03 0.03 -0.06 -0.15 -0.05 -0.05 -0.08 0.03 -0.06 0.05 -0.07 -0.21 -0.40 -0.46 -0.34 -0.57 0.12 -0.16 -0.12 0.04 0.12
Ni -0.51 -0.02 0.06 0.01 -0.04 -0.32 -0.01 0.05 -0.10 -0.15 -0.24 -0.07 -0.18 -0.19 -0.01 0.01 0.07 0.04 0.01 0.07 -0.04 0.24 0.14 -0.15 0.13 0.31
Ta -0.21 -0.07 0.10 0.15 0.01 -0.00 -0.03 -0.12 -0.00 -0.15 -0.01 -0.09 0.06 -0.01 0.15 -0.10 -0.25 -0.43 -0.50 -0.34 -0.57 0.22 -0.08 -0.01 0.18 0.26
Ti -0.36 -0.25 0.02 -0.05 -0.16 -0.05 -0.18 -0.14 -0.02 -0.36 -0.00 -0.04 0.04 0.03 0.12 -0.12 -0.31 -0.54 -0.61 -0.46 -0.73 0.06 -0.28 -0.11 0.04 0.05
W -0.08 0.12 0.11 0.35 0.16 0.01 0.08 0.02 -0.03 0.08 -0.08 -0.07 0.10 -0.10 0.17 -0.05 -0.16 -0.26 -0.33 -0.16 -0.35 0.30 0.10 0.03 0.28 0.43
Zr -0.37 -0.09 0.27 -0.01 0.06 -0.05 0.09 0.03 0.03 -0.25 0.06 0.00 0.11 0.11 0.03 0.04 -0.13 -0.48 -0.50 -0.48 -0.71 0.01 -0.34 -0.13 -0.05 -0.07
V -0.22 -0.11 -0.06 0.14 -0.11 0.07 -0.20 -0.09 0.07 -0.16 0.04 0.00 -0.06 0.15 0.21 -0.12 -0.25 -0.35 -0.46 -0.26 -0.50 0.20 -0.06 -0.06 0.18 0.24
Mg -0.00 0.12 0.44 -0.03 0.21 0.03 0.24 0.26 0.23 -0.06 0.30 0.09 0.39 0.03 0.32 0.28 0.20 -0.27 -0.20 -0.51 -0.58 -0.15 -0.40 -0.03 -0.07 -0.13
Re -0.30 -0.01 -0.06 0.13 -0.04 -0.35 -0.12 -0.05 -0.27 -0.11 -0.34 -0.50 -0.04 -0.24 -0.40 0.08 -0.03 -0.09 -0.15 0.02 -0.13 0.47 0.35 0.19 0.48 0.87
Os -0.61 -0.19 -0.26 -0.13 -0.26 -0.64 -0.32 -0.21 -0.44 -0.29 -0.53 -0.75 -0.19 -0.51 -0.60 -0.21 -0.38 -0.01 -0.05 0.14 0.03 0.57 0.48 0.14 0.48 0.74
Rh -0.86 -0.06 -0.08 -0.08 -0.13 -0.83 -0.16 -0.20 -0.46 -0.07 -0.54 -0.74 -0.17 -0.70 -0.42 -0.42 -0.20 -0.20 -0.04 0.06 -0.01 0.22 0.16 -0.26 -0.01 0.23
Ir -0.86 -0.16 -0.24 -0.17 -0.24 -0.98 -0.30 -0.38 -0.63 -0.23 -0.71 -0.92 -0.36 -0.84 -0.61 -0.42 -0.47 -0.49 -0.29 0.08 0.05 0.35 0.33 -0.14 0.18 0.49
Pd -0.74 0.06 0.15 -0.08 0.11 -0.61 -0.11 0.06 -0.21 0.04 -0.25 -0.52 0.12 -0.54 -0.14 -0.54 0.03 -0.14 -0.00 -0.10 -0.02 -0.05 -0.06 -0.41 -0.28 -0.06
Pt -0.88 -0.03 -0.08 -0.09 -0.01 -0.92 -0.25 -0.18 -0.50 -0.04 -0.54 -0.83 -0.11 -0.84 -0.42 -0.66 -0.12 -0.22 -0.08 -0.11 -0.01 0.03 0.07 -0.39 -0.19 0.12
Ag -0.03 0.31 0.50 0.11 0.34 -0.02 0.27 0.48 0.31 0.21 0.35 0.05 0.61 -0.01 0.34 -0.18 0.45 0.25 0.10 0.10 -0.02 0.04 -0.04 -0.05 -0.04 0.07
Au -0.32 0.20 0.41 -0.00 0.16 -0.42 0.03 0.27 -0.01 0.11 0.02 -0.32 0.40 -0.40 0.09 -0.47 0.33 0.12 0.07 0.08 -0.04 0.06 -0.03 -0.15 -0.11 0.12
Zn -0.01 -0.06 0.14 -0.11 -0.01 -0.18 -0.00 0.09 -0.02 -0.21 0.03 -0.18 0.22 -0.19 0.01 -0.08 -0.01 -0.26 -0.40 -0.37 -0.44 -0.45 -0.07 -0.21 0.06 0.09
Cd 0.07 0.24 0.61 0.06 0.27 -0.05 0.24 0.36 0.20 0.09 0.29 -0.01 0.53 -0.08 0.29 -0.10 0.36 0.11 -0.14 -0.07 -0.30 -0.24 -0.07 -0.17 0.03 0.02
Hg 0.11 0.32 0.62 0.23 0.43 -0.04 0.34 0.53 0.28 0.29 0.39 0.02 0.74 -0.10 0.39 -0.14 0.63 0.33 0.12 0.20 -0.06 0.11 0.07 0.10 0.11 0.01
